*******FORMAT*******
Object, Category, Size, Position
Pixel Matrix (one line per row)
*****ENDFORMAT******
zero, number, big,
00000000
00011000
01100110
11000011
11000011
01100110
00011000
00000000

one, number, big,
00000000
00011000
00011000
00011000
00011000
00011000
00011000
00000000

two, number, big,
00000000
00111100
01100110
00001100
00011000
00110000
01111110
00000000

three, number, big,
00000000
00111110
00000110
00111100
00001110
00000110
00111100
00000000


00111100
01000010
00000110
00111100
00000110
01000010
00111100
00000000

four, number, big,
00000000
00001100
00010100
00100100
01111110
00000100
00000100
00000100

five, number, big,
00000000
00111110
00110000
00111100
00000110
00000110
00111100
00000000


six, number, big,
00011000
01100100
01100000
011111000
011001100
011001100
001111000
00000000

seven, number, big, 
00000000
01111110
00001110
00001100
00011000
00110000
01100000
00000000

eight, number, big, 
00000000
00111100
01100110
00111100
01100110
00110100
00011000
00000000

00111100
01000010
01000010
00111100
01000010
01000010
00111100
00000000

nine, number, big, 
00000000
01111100
01000100
01111100
00000100
00001100
01111100
00000000

ten, number, small,
00000000
00000000
01001110
01001010
01001010
01001110
00000000
00000000

eleven, number, small,
00000000
00000000
00100100
00100100
00100100
00100100
00100100
00000000

12, number, small,
00000000
00000000
00101110
00100010
00101110
00101000
00101110
00000000

34, number, small,
00000000
00000000
01110101
00010101
00110111
00010001
01110001
00000000

fifty-six, number, small,
00000000
00000000
11100111
10000100
11100111
00100101
11100111
00000000

ninety-eight, number, small,
00000000
00000000
11101110
10101010
11101110
00101010
11101110
00000000
